1558 - 01,02,04,05,06,09,11,14,15,16,17,18,21,22,25
1557 - 02,03,04,05,06,09,12,16,17,18,20,21,22,24,25
1556 - 01,02,03,05,06,08,12,15,16,17,19,21,22,23,25
1555 - 01,02,06,08,09,10,12,13,14,16,18,20,22,23,25
1554 - 01,03,04,05,07,08,09,10,13,14,16,18,19,24,25
1553 - 01,02,04,08,09,11,12,13,15,17,18,19,21,22,25
1552 - 02,03,07,08,09,12,14,15,16,19,20,21,22,24,25
1551 - 01,03,05,07,08,11,13,14,15,17,19,20,22,23,25
1550 - 03,04,05,07,08,13,14,15,16,17,20,22,23,24,25
1549 - 01,02,03,04,05,07,08,10,11,13,18,20,23,24,25
1548 - 02,03,04,09,10,11,12,14,15,17,18,20,21,22,23
1547 - 01,02,05,06,08,09,10,11,13,15,17,18,19,21,25
1546 - 01,03,06,07,08,10,11,14,15,18,19,20,22,24,25
1545 - 03,05,07,08,10,11,12,15,16,17,20,22,23,24,25
1544 - 01,02,04,07,08,09,11,12,14,16,17,21,22,23,24
1543 - 01,02,06,07,08,09,12,13,15,17,19,20,23,24,25
1542 - 02,03,05,07,08,10,11,13,15,16,17,20,21,22,24
1541 - 02,03,04,05,07,11,13,14,15,18,19,20,21,22,25
1540 - 01,02,03,07,09,10,11,12,14,15,16,17,19,22,23
1539 - 01,03,04,08,11,12,13,14,16,17,18,19,20,21,25
1538 - 02,04,05,07,08,09,10,13,14,15,17,18,19,21,23
1537 - 01,02,03,04,10,11,13,14,15,17,18,20,21,22,24
1536 - 01,03,05,06,07,08,09,10,11,12,13,19,20,23,25
1535 - 03,04,05,07,08,12,13,15,17,18,21,22,23,24,25
1534 - 01,04,05,08,09,10,11,12,13,14,16,17,19,21,24
1533 - 01,03,04,06,07,11,12,13,14,15,16,19,20,21,24
1532 - 01,02,03,08,09,10,11,12,13,14,17,18,20,22,25
1531 - 01,02,03,04,07,08,10,11,13,14,15,19,22,23,24
1530 - 02,04,05,07,09,10,12,14,15,16,18,20,22,23,24
1529 - 02,03,04,05,08,11,13,14,16,17,18,19,20,21,24
1528 - 01,02,04,05,06,08,09,10,17,18,20,21,23,24,25
1527 - 01,02,03,05,06,07,09,10,14,15,20,21,22,24,25
1526 - 05,07,08,09,10,11,13,15,17,18,20,21,22,23,25
1525 - 01,02,04,05,08,10,12,14,15,18,19,20,21,22,25
1524 - 01,03,05,06,07,08,09,10,13,14,20,22,23,24,25
1523 - 03,05,06,07,09,10,12,13,14,16,18,19,21,23,25
1522 - 01,08,09,10,11,13,14,15,16,18,19,20,21,23,24
1521 - 01,02,03,04,05,07,08,12,14,15,17,19,20,23,24
1520 - 01,02,04,08,09,10,12,13,14,16,17,18,19,24,25
1519 - 01,04,06,08,13,14,16,17,18,20,21,22,23,24,25
1518 - 02,03,04,05,07,08,11,12,14,16,17,20,22,24,25
1517 - 02,03,05,08,10,11,12,14,15,18,20,21,23,24,25
1516 - 01,02,06,07,10,11,12,14,16,18,19,20,22,23,24
1515 - 01,02,03,05,08,09,11,12,13,16,17,18,19,20,23
1514 - 03,04,05,07,08,11,12,13,15,16,17,19,20,21,24
1513 - 03,04,06,07,09,10,11,12,13,14,16,18,21,22,24
1512 - 02,03,04,06,10,11,12,13,15,16,17,19,21,22,24
1511 - 02,04,05,08,09,10,11,12,13,15,19,20,21,23,24
1510 - 01,03,04,07,08,09,10,11,12,13,15,18,19,22,24
1509 - 01,02,03,06,07,08,09,13,14,15,17,18,19,22,24
1508 - 01,03,07,08,09,10,11,12,14,17,19,21,22,23,24
1507 - 01,02,03,04,05,08,10,11,13,14,17,19,21,23,24
1506 - 03,04,05,08,09,10,13,14,17,18,19,20,21,22,24
